<?xml version="1.0"?>
<opencv_storage>
<M>7.0531039178641264e-01</M>
</opencv_storage>
