<?xml version="1.0"?>
<opencv_storage>
<Q type_id="opencv-matrix">
  <rows>4</rows>
  <cols>4</cols>
  <dt>d</dt>
  <data>
    1. 0. 0. -2.7289326477050781e+02 0. 1. 0. -2.4389769172668457e+02 0.
    0. 0. 8.0967200899057866e+02 0. 0. -5.1946574848322202e-01 0.</data></Q>
</opencv_storage>
